28 39 92 14 90 3 38 85 58 1 60 0 4 11 67 25 98 17 28 26 44 12 9 59 27 51 64 100 72 95 33 9 47 10 64 93 64 16 76 30 57 99 50 23 19 57 48 69 54 29 12 92 77 87 3 89 52 88 74 66 50 67 58 26 40 38 34 29 83 8 78 12 3 86 57 17 81 88 72 29 88 81 28 18 96 69 18 30 15 88 6 41 44 56 60 33 43 71 7 39
74 69 14 99 98 89 19 88 36 51 16 51 39 49 93 73 100 48 45 44 68 79 8 23 63 26 75 81 40 73 22 85 20 69 6 92 20 8 79 72 55 80 94 95 76 94 17 34 57 40 81 45 89 24 14 49 75 48 100 60 100 27 92 49 23 31 43 89 68 19 39 45 65 100 59 79 98 62 35 97 91 61 75 69 58 0 61 59 11 21 73 77 51 28 56 95 91 69 71 90
0 13 32 84 32 72 51 6 40 2 61 81 85 6 65 25 18 29 27 15 34 40 73 22 5 29 84 62 72 22 54 21 39 81 92 32 65 25 100 60 99 40 65 89 10 73 99 61 34 93 58 47 3 86 27 79 90 96 100 40 20 12 99 73 90 55 35 83 66 46 72 47 85 18 44 73 53 70 9 73 62 93 41 22 100 73 83 18 67 65 31 34 50 63 12 42 13 7 11 42
97 71 80 41 38 33 75 18 17 99 87 76 88 2 0 95 83 46 96 77 8 28 88 82 76 53 19 57 64 49 3 17 15 3 10 91 87 31 56 37 66 45 30 96 42 12 94 29 90 76 82 69 20 89 96 57 78 2 0 58 56 84 99 7 78 22 48 23 25 55 34 7 33 17 8 96 11 76 78 79 41 25 60 10 85 35 71 25 91 53 44 15 44 41 78 60 81 53 22 9
92 82 11 21 33 60 48 47 60 23 58 22 71 92 42 4 75 67 90 8 81 15 68 0 8 16 93 24 35 30 27 64 15 87 21 89 11 94 60 23 75 16 25 95 82 90 34 62 16 21 100 6 94 73 39 29 62 31 92 88 99 4 47 77 41 97 2 30 52 95 4 17 73 0 26 72 52 2 53 87 13 40 40 30 27 27 36 53 64 52 90 60 35 51 97 76 46 59 54 68
48 14 59 96 79 58 79 43 44 1 94 69 62 80 58 23 64 41 41 30 67 8 65 74 23 25 40 76 94 83 69 40 31 2 86 59 26 78 47 88 81 51 6 74 27 98 28 30 45 86 44 86 59 59 99 91 37 64 64 44 43 32 92 99 8 19 59 17 4 95 89 62 2 58 7 83 93 17 30 93 47 50 23 5 98 80 71 6 75 14 7 2 51 49 36 46 100 35 89 75
68 6 86 69 54 15 45 65 6 86 58 25 6 82 80 43 81 76 93 61 52 6 35 55 93 84 58 99 18 11 35 26 45 66 47 34 81 93 29 31 93 40 9 10 54 83 6 4 72 86 71 92 24 6 26 36 28 93 52 73 41 1 98 60 50 48 83 62 52 91 25 33 93 94 49 82 1 51 85 89 76 72 56 5 72 2 1 2 55 66 35 39 48 57 71 55 21 25 73 79
3 46 98 47 14 95 16 14 14 21 68 38 26 54 36 73 30 96 93 28 94 69 5 57 46 79 90 22 16 35 58 34 71 46 85 50 74 29 17 55 45 7 92 88 99 91 83 5 38 35 4 88 20 67 51 82 73 85 97 72 74 66 30 13 1 20 56 8 55 67 38 4 8 25 10 55 22 69 7 78 2 11 8 54 33 51 41 77 83 49 33 17 63 68 90 52 33 19 77 88
29 89 13 73 25 86 15 61 5 24 74 74 61 41 23 67 41 61 81 2 76 82 56 98 13 61 44 4 57 92 79 88 80 5 61 2 67 53 76 98 21 88 89 92 84 62 27 63 26 4 30 79 97 86 55 38 54 68 64 65 29 52 15 53 63 25 70 11 9 19 15 61 95 92 67 80 52 23 44 97 36 0 93 96 51 87 3 10 95 10 76 7 68 42 51 61 40 95 83 41
57 68 22 56 34 7 52 30 15 85 29 16 100 14 37 21 65 85 53 59 66 98 12 6 95 98 59 51 99 51 95 48 79 26 40 59 29 70 11 46 79 27 80 75 81 20 93 21 2 14 98 93 53 29 62 77 38 34 58 1 55 28 41 38 100 89 89 26 97 50 52 2 24 0 26 47 100 2 83 44 90 34 96 94 61 75 9 73 16 27 82 50 91 5 21 64 94 28 96 15
34 14 66 77 11 22 3 95 50 65 51 5 77 60 6 22 27 53 26 10 33 93 55 54 75 80 78 47 52 44 4 21 73 17 36 54 17 8 3 46 49 32 81 0 70 24 95 46 33 93 35 92 7 24 29 87 23 25 18 98 66 21 67 31 33 25 31 55 42 98 89 18 87 88 48 42 71 88 91 30 84 24 25 99 91 43 84 19 3 61 12 37 21 64 12 30 90 24 15 58
96 51 57 74 95 10 64 11 41 99 84 79 0 89 54 41 72 23 36 9 38 33 30 28 80 76 29 61 71 87 77 78 91 47 35 12 79 84 40 43 31 53 8 21 58 63 57 65 9 15 21 25 61 59 14 91 43 63 70 35 30 39 82 56 28 54 97 47 58 2 38 33 40 28 47 89 8 68 48 1 46 25 21 60 77 72 27 69 5 34 16 42 88 23 12 28 100 70 56 36
63 8 51 15 60 25 38 5 29 22 49 41 68 96 2 80 30 68 85 20 86 72 0 42 92 70 97 55 60 96 94 39 56 29 68 9 36 63 32 100 28 30 66 9 28 91 81 72 31 77 91 2 89 75 63 20 63 82 13 81 62 44 87 60 87 42 4 8 89 35 77 42 56 100 83 57 60 43 12 97 63 26 86 7 68 17 87 26 60 25 4 66 60 48 29 69 5 18 37 32
51 64 9 86 30 25 16 0 47 50 88 37 90 54 85 71 75 58 20 73 79 44 78 47 63 62 26 34 65 92 65 50 3 86 25 68 47 69 81 65 72 66 45 53 82 23 64 49 98 27 86 31 0 48 19 49 77 28 55 1 50 67 29 33 16 61 51 93 100 19 43 82 73 33 45 42 41 96 50 65 23 52 80 31 23 11 96 88 79 21 11 23 83 6 89 47 0 46 33 20
93 85 40 24 67 38 83 70 41 34 1 5 99 66 16 98 26 17 34 64 72 11 27 20 53 49 9 69 30 69 75 44 61 48 52 45 96 89 71 49 35 46 5 0 92 33 77 94 35 75 44 42 65 72 4 94 69 45 12 12 30 1 16 50 10 60 97 20 4 5 17 74 7 90 81 13 15 74 56 7 31 40 76 1 30 41 39 26 36 67 11 3 9 75 29 54 78 77 35 67
45 63 90 1 65 45 90 40 54 98 67 88 93 16 59 97 39 97 82 21 28 76 78 75 62 49 6 53 81 33 72 93 93 22 55 59 89 70 90 89 47 5 55 92 49 93 62 70 15 68 88 84 57 92 25 48 13 91 94 2 1 77 32 88 19 73 5 39 11 49 39 50 95 88 2 43 93 65 74 15 25 21 7 88 47 72 7 27 71 43 34 21 12 63 71 28 97 88 82 44
21 34 10 84 89 89 4 95 93 20 26 95 12 84 10 68 56 97 19 18 0 0 89 94 70 41 15 9 9 86 12 21 37 34 54 57 11 66 71 54 74 16 80 53 29 39 88 72 85 49 53 91 11 24 85 64 57 66 13 11 42 40 39 97 69 38 29 44 7 83 91 10 16 26 24 0 36 100 49 17 2 59 55 39 2 34 67 72 82 20 38 80 14 58 77 82 25 38 100 43
19 83 45 75 40 40 42 2 92 75 25 55 46 50 93 70 77 66 39 45 52 85 66 2 7 65 85 61 28 78 83 53 29 17 86 3 24 52 60 30 46 19 8 85 48 0 38 72 76 48 19 95 49 43 81 13 40 53 97 74 37 70 94 43 80 50 44 3 35 26 26 56 4 18 29 31 64 17 29 58 42 91 92 16 90 89 32 6 5 50 12 62 47 71 31 41 50 13 67 12
15 59 31 92 94 14 46 90 83 61 99 21 21 34 33 44 26 21 27 5 33 49 60 11 62 20 70 58 81 33 28 82 17 4 55 3 47 83 60 15 77 45 72 91 5 91 88 23 70 53 0 22 31 4 61 89 91 40 59 96 85 20 9 38 9 94 47 28 21 38 53 54 56 45 53 42 86 62 68 85 0 49 93 76 32 59 77 97 34 80 57 25 78 74 13 5 39 36 28 92
52 25 82 7 65 5 26 15 16 86 14 25 73 39 23 24 84 36 54 22 53 5 30 90 27 11 32 91 32 63 35 30 3 54 24 35 74 31 57 93 14 97 68 77 81 61 50 99 64 52 58 85 76 35 14 55 97 23 45 0 31 31 31 1 43 60 2 51 20 55 57 97 64 4 94 69 33 72 94 95 100 2 91 0 9 57 97 10 94 37 46 67 49 83 27 17 30 44 29 11
89 31 50 98 36 30 56 66 61 15 21 89 93 49 41 11 70 99 22 26 2 31 63 35 70 33 76 25 84 5 11 27 96 61 53 37 85 29 51 57 27 66 24 37 39 72 46 74 3 15 81 63 9 100 76 66 84 33 28 42 18 3 83 14 0 40 36 48 18 22 13 50 36 21 77 61 87 29 22 63 51 44 59 30 22 12 38 90 35 58 15 59 67 32 42 77 98 28 7 26
2 91 75 17 17 38 66 96 65 52 25 100 54 69 38 62 77 51 19 41 30 66 31 83 54 13 67 17 39 16 58 43 42 86 40 54 94 64 25 91 45 71 96 90 96 16 76 17 68 14 15 23 25 4 98 48 84 77 49 27 32 59 55 47 38 81 32 72 24 17 89 59 51 7 10 62 57 2 49 12 55 52 90 82 46 5 7 13 58 4 23 3 24 34 27 93 61 77 92 50
100 76 78 11 32 2 97 95 8 39 71 14 73 25 70 92 81 33 51 53 19 77 54 3 50 85 95 23 20 73 92 39 17 45 10 100 33 94 40 3 81 73 71 10 48 71 34 70 37 28 24 10 24 55 74 27 48 35 67 39 49 82 39 31 65 48 22 85 27 82 13 90 70 2 93 82 58 95 69 10 37 25 34 74 1 73 7 17 45 94 37 39 99 45 9 47 4 33 87 30
71 9 54 66 75 40 40 34 32 89 74 53 61 59 20 72 83 72 61 3 84 71 54 10 18 15 44 2 3 70 93 12 24 77 55 85 97 2 56 99 37 80 36 12 0 54 76 15 55 11 99 76 11 58 66 46 94 90 91 37 24 28 28 31 78 98 79 58 28 51 83 1 84 23 63 12 44 63 77 84 69 71 72 86 56 9 28 18 42 84 54 48 47 20 88 44 58 80 5 9
78 91 91 46 34 52 76 75 18 41 8 91 48 99 68 41 55 23 77 0 59 67 59 14 19 97 8 98 2 27 50 99 24 90 16 6 17 86 35 5 91 46 18 62 64 48 56 100 37 20 21 8 97 15 73 76 47 44 61 67 90 94 91 5 2 26 69 73 66 97 12 65 10 11 77 63 74 71 100 56 60 37 67 9 3 67 99 45 15 63 99 3 67 15 43 79 80 4 93 68
96 93 14 91 66 95 45 8 36 93 33 85 78 55 90 38 17 1 38 41 70 57 33 95 96 58 29 14 54 1 7 16 38 76 61 37 23 12 4 71 2 15 43 90 91 39 76 66 74 82 75 41 54 25 35 78 69 14 38 26 53 9 100 93 50 9 49 78 17 52 60 24 12 89 14 76 32 58 99 5 66 11 25 88 33 3 40 90 73 90 28 76 52 41 41 66 11 66 84 27
45 26 45 94 4 58 91 37 17 0 37 4 90 44 14 58 15 50 5 4 64 92 96 87 38 47 32 71 45 59 44 24 47 68 44 95 68 64 58 70 30 6 95 14 26 89 42 0 16 70 48 25 58 10 98 76 77 18 98 2 79 98 75 31 95 93 52 67 22 78 28 0 59 73 94 35 47 97 90 94 61 89 74 37 41 22 4 69 91 18 54 46 10 87 20 63 26 48 0 20
66 87 10 57 11 82 20 86 73 97 17 83 85 14 61 24 78 46 29 18 83 85 56 20 1 86 34 95 47 25 5 39 79 53 99 39 87 42 39 92 64 100 11 86 84 81 86 73 45 37 59 84 1 50 11 69 15 83 82 36 3 8 29 22 10 42 25 84 26 0 66 44 47 95 98 45 26 91 9 57 45 46 72 14 38 39 71 75 88 13 77 69 9 16 73 97 35 36 21 2
24 95 13 25 90 75 85 69 78 54 53 84 34 3 38 7 13 8 96 73 71 46 51 30 95 79 24 62 23 19 78 100 93 34 70 80 29 54 93 91 81 81 85 14 52 94 93 71 82 91 78 88 85 74 68 86 63 14 0 78 26 52 64 42 17 52 29 38 48 24 3 28 76 81 57 43 84 11 85 76 73 92 25 35 53 82 67 5 73 57 35 92 86 23 76 69 37 16 37 2
95 39 35 35 52 63 34 84 52 28 61 76 49 11 21 48 64 6 62 80 58 31 13 77 65 63 11 65 66 1 76 91 94 36 33 91 53 42 99 79 42 46 26 86 72 72 31 99 61 55 60 0 38 43 34 6 1 59 55 8 39 58 40 6 92 44 16 65 82 79 1 69 29 39 11 13 65 62 13 72 42 26 63 65 80 65 94 73 56 48 59 87 53 43 74 77 63 97 33 47
21 75 51 92 38 62 11 31 100 59 100 93 41 55 49 54 8 1 91 13 27 66 6 74 99 13 63 1 69 71 44 78 12 54 68 67 67 76 35 88 17 23 17 31 48 67 58 46 18 94 100 54 0 53 78 60 62 36 76 30 4 80 6 2 36 27 82 17 21 9 89 70 85 16 22 17 69 80 21 82 90 56 84 55 24 30 94 34 14 69 56 80 74 88 0 9 75 60 86 91
43 21 53 47 31 95 26 23 80 95 4 12 44 82 53 59 33 87 73 49 86 87 30 94 99 57 66 16 29 98 25 26 52 92 68 91 19 36 53 54 6 67 88 5 53 34 16 49 20 61 88 18 1 9 51 42 26 91 27 94 99 85 51 93 1 51 85 70 76 69 8 71 73 3 55 22 11 92 23 81 62 39 40 90 41 36 40 90 62 28 1 38 46 86 30 89 86 27 46 9
12 88 16 93 24 15 32 68 21 25 57 100 10 88 91 47 48 67 49 98 34 100 87 65 80 24 94 98 80 77 1 64 60 15 73 48 35 33 11 90 20 26 96 5 73 26 44 36 73 59 73 60 53 24 45 42 90 90 14 17 65 87 86 83 3 20 72 28 7 86 20 20 97 75 8 80 93 35 55 87 55 17 58 31 28 7 16 18 56 93 27 98 85 79 38 75 20 17 28 13
51 79 97 21 30 93 12 63 35 71 24 64 82 73 99 71 12 96 76 94 59 17 10 55 67 48 88 95 96 11 9 11 71 23 98 42 93 20 2 56 96 11 25 64 24 70 85 51 43 18 44 53 63 96 17 33 8 37 5 15 21 76 92 70 52 98 29 33 67 7 55 49 25 87 58 65 44 44 4 46 98 80 44 31 85 56 65 47 24 64 48 69 45 65 13 51 92 68 40 59
36 82 85 16 63 66 95 95 70 8 24 98 33 98 42 10 82 23 53 65 29 83 68 16 93 32 48 70 32 28 98 51 14 73 24 81 64 72 9 10 63 13 60 81 63 71 18 99 66 11 2 79 98 39 69 16 69 68 26 61 1 22 1 61 4 85 33 21 97 57 89 91 11 39 8 96 20 2 91 4 23 3 23 33 39 41 70 51 20 37 27 49 95 90 21 68 1 1 44 97
29 71 46 62 35 17 76 34 76 1 26 63 8 3 25 88 91 16 64 18 88 68 51 1 8 43 24 21 51 95 96 0 8 56 11 54 7 93 46 72 36 8 100 11 83 61 96 93 97 52 42 8 71 74 80 36 62 4 19 79 92 9 25 60 97 94 93 51 23 6 72 71 71 97 61 80 38 4 89 43 6 15 9 36 92 79 96 4 28 91 76 89 62 30 94 79 23 65 31 98
75 57 78 69 67 77 88 34 48 35 49 86 18 28 18 43 14 56 89 18 70 87 26 63 83 51 22 47 68 22 2 64 35 71 20 7 99 94 5 91 68 5 91 45 45 78 12 43 3 82 58 75 96 56 30 95 4 67 69 76 27 90 83 89 69 22 20 11 71 62 42 24 94 99 100 55 90 49 4 51 80 6 42 29 85 6 51 32 85 23 5 9 7 62 93 91 34 66 23 6
21 20 35 0 38 13 55 51 14 75 15 46 59 80 51 4 85 77 90 85 79 1 12 43 17 25 64 95 53 56 9 92 36 22 50 38 32 23 73 72 26 69 22 56 55 6 24 34 93 96 52 95 37 45 44 99 58 49 14 63 87 63 49 10 47 37 31 56 52 10 48 73 75 23 43 17 41 11 80 47 32 22 48 65 45 22 63 51 14 46 3 33 39 100 89 83 17 70 65 61
21 99 47 90 45 92 69 27 44 89 88 71 41 52 96 27 98 2 15 90 2 39 5 26 92 84 21 62 29 15 35 77 11 54 56 81 28 55 33 21 40 79 1 62 73 7 23 74 92 12 63 62 99 16 70 100 90 79 43 44 83 47 72 5 100 79 2 20 17 83 9 10 35 25 60 97 12 18 13 90 87 94 24 80 52 32 71 75 7 51 53 0 73 49 83 67 62 62 38 68
87 85 97 57 82 97 17 97 42 98 37 59 23 55 76 20 21 81 59 71 99 74 85 81 28 12 96 31 17 80 75 85 55 58 37 60 45 59 70 13 24 64 100 29 88 63 56 79 90 61 19 9 81 44 72 59 13 26 80 72 36 79 64 17 51 19 37 21 81 83 84 19 12 80 25 82 30 94 41 59 20 62 34 95 85 54 59 90 40 60 59 61 37 54 7 58 54 25 20 74
13 43 7 67 30 8 44 70 15 95 59 78 71 93 25 62 60 0 17 60 15 58 86 95 46 3 12 71 25 88 55 55 100 77 97 94 64 83 86 91 23 98 38 21 57 75 8 34 99 66 50 39 75 16 29 42 79 5 24 23 33 86 15 56 23 0 46 58 100 75 14 49 55 41 97 53 50 40 58 77 25 65 17 88 51 94 82 60 86 28 37 24 42 5 14 9 56 65 1 68
30 12 20 87 55 31 54 25 13 99 97 67 83 58 16 21 71 75 99 2 58 39 39 75 18 54 10 48 12 4 54 79 71 84 80 23 84 87 41 42 51 30 69 93 36 21 47 57 9 84 100 58 66 52 14 75 59 61 5 77 45 12 39 73 18 82 73 53 49 32 31 85 59 62 46 6 48 20 63 94 68 81 11 81 22 93 57 48 25 68 29 33 33 92 18 53 45 37 83 59
10 91 77 84 23 94 55 88 20 48 59 78 17 16 94 47 73 27 81 84 66 94 76 64 37 86 44 73 29 61 6 89 91 17 99 14 68 29 77 17 57 73 87 72 46 41 27 97 28 0 50 5 25 40 21 98 35 27 80 31 69 33 44 64 59 0 99 69 78 80 67 24 65 32 76 64 35 78 0 20 52 81 90 54 70 20 92 88 99 96 79 41 48 62 75 16 79 65 57 24
95 99 47 6 84 67 99 71 15 45 73 70 65 32 80 53 3 80 5 89 46 58 27 32 80 0 29 69 45 38 100 42 77 94 33 77 41 81 80 98 59 29 55 1 43 71 15 56 78 82 22 86 65 90 63 31 52 21 44 4 15 33 9 1 23 7 61 36 77 48 69 77 7 96 38 15 80 95 75 24 75 22 59 44 40 99 58 22 23 80 68 87 56 62 38 53 86 64 45 28
91 70 68 45 77 50 69 89 70 66 18 4 81 24 74 77 2 1 84 65 80 2 81 94 41 41 42 67 41 64 26 92 16 56 10 36 25 3 64 88 6 50 9 33 68 72 88 81 26 29 72 57 68 45 11 62 60 47 73 53 75 51 4 78 50 9 59 86 37 79 44 6 36 13 16 5 65 52 43 76 7 1 58 38 5 63 72 7 40 38 20 94 91 15 37 35 76 5 79 51
87 81 25 34 28 47 41 12 50 36 77 85 55 0 96 60 87 40 29 29 65 70 53 98 73 42 88 10 88 80 82 28 25 67 99 30 65 30 81 12 27 36 34 72 18 97 65 50 69 83 54 28 79 79 97 19 85 20 7 29 43 1 88 94 9 19 90 74 3 9 97 55 96 10 35 28 96 95 89 53 24 30 83 26 62 76 92 99 37 52 90 89 41 30 63 39 74 53 66 80
81 55 6 34 49 21 40 29 30 58 58 62 15 90 0 21 25 22 8 39 3 62 73 30 54 67 94 31 87 48 74 24 10 96 34 65 85 10 52 72 70 98 94 67 62 45 10 73 87 19 72 27 77 75 84 33 3 44 37 53 44 80 0 90 23 89 37 50 55 99 20 93 36 57 53 87 41 25 0 95 75 47 34 86 52 79 36 97 10 71 49 60 65 51 11 93 47 8 94 41
10 49 40 30 34 9 65 33 79 63 22 21 75 20 78 32 46 98 65 98 20 86 41 10 96 50 54 44 39 79 61 88 58 96 64 69 73 48 86 78 45 81 86 35 18 64 8 4 41 15 58 58 45 55 32 91 88 57 4 72 54 90 64 14 10 27 75 5 12 65 84 73 48 52 90 19 34 15 16 26 13 87 22 91 55 75 68 73 37 15 37 72 84 43 50 88 74 15 93 86
65 53 5 54 55 93 59 5 27 71 2 11 3 47 98 31 45 18 47 33 66 12 40 8 64 95 44 60 41 97 93 51 73 0 43 61 33 84 81 48 37 73 82 82 40 76 3 23 38 66 79 70 84 75 75 85 67 10 82 22 35 46 48 61 65 31 42 96 96 81 57 100 27 30 41 86 31 36 52 9 25 7 75 12 59 90 84 33 66 43 36 79 56 35 16 31 8 51 36 27
1 84 10 46 52 79 13 69 64 77 4 70 74 66 95 90 40 28 67 71 79 35 18 96 97 27 24 18 1 76 6 14 48 68 93 41 49 7 54 77 97 89 81 88 19 100 67 50 72 63 89 31 43 71 52 94 43 75 86 7 82 31 95 97 72 48 18 46 13 72 42 88 31 86 44 75 49 13 37 48 33 45 85 86 17 80 42 31 5 97 50 6 0 38 50 70 98 37 42 26
59 46 45 36 46 68 96 50 17 23 78 14 51 26 53 97 51 2 30 67 16 82 4 14 51 93 86 65 41 61 14 8 51 53 85 4 85 94 73 7 24 54 7 2 29 30 100 6 65 82 42 29 100 71 0 36 38 16 80 59 80 100 39 75 4 22 38 83 40 34 0 54 83 69 99 63 10 12 78 4 82 83 65 18 70 97 25 12 88 70 91 16 44 44 31 35 1 83 75 8
43 52 80 83 31 62 55 97 70 4 81 14 62 1 81 49 39 8 21 96 78 85 10 99 73 94 35 42 60 78 71 48 79 99 77 10 49 79 25 73 45 7 60 31 97 54 36 62 81 86 11 18 86 72 83 56 45 8 64 1 54 92 0 87 22 44 34 12 27 43 31 21 25 90 38 7 16 89 44 100 67 13 20 31 17 28 60 57 46 15 23 96 19 11 62 71 94 92 8 64
31 64 10 88 26 57 20 13 87 45 35 26 89 92 79 17 47 61 78 63 49 30 37 15 80 78 81 22 26 65 72 50 35 40 12 40 83 48 29 29 90 90 97 51 7 1 75 37 92 100 83 30 53 26 78 82 36 90 80 66 38 50 64 64 45 41 35 45 24 72 13 32 59 10 63 62 88 33 44 23 49 79 42 24 84 55 6 11 29 61 13 70 41 1 15 48 80 12 38 10
41 0 27 85 66 26 11 25 29 7 92 66 32 5 94 99 66 63 97 36 21 83 71 60 81 40 76 13 87 84 30 61 33 43 0 43 92 82 82 3 14 99 71 46 73 80 41 10 21 47 75 24 49 54 14 21 60 33 70 34 79 63 30 11 52 30 88 4 40 8 43 41 99 93 84 51 73 94 87 29 41 97 88 33 34 35 31 59 58 30 48 9 52 17 25 100 19 89 83 67
29 95 51 69 93 17 31 46 98 57 42 100 8 49 81 13 92 77 36 12 54 2 69 75 93 24 63 39 37 50 68 47 98 61 62 11 60 28 12 95 33 84 31 96 8 41 60 31 35 64 38 21 9 17 65 84 25 15 38 47 90 27 59 89 33 49 19 59 50 9 17 22 8 30 44 33 32 54 35 2 93 14 20 55 52 1 20 7 54 22 43 42 38 84 35 81 88 44 86 90
75 27 39 38 76 98 74 62 92 22 7 20 33 30 73 51 80 41 62 57 59 47 3 9 89 13 53 85 66 76 41 13 88 34 75 51 62 92 99 66 73 64 26 12 4 28 3 65 7 70 0 28 12 88 37 50 27 87 92 34 48 92 30 62 27 83 52 16 43 59 36 7 60 92 42 53 27 34 30 42 87 33 43 51 49 18 77 18 65 11 44 41 82 55 51 18 38 66 73 72
39 67 72 91 26 31 51 39 68 96 69 21 25 19 17 45 25 11 91 20 47 40 5 2 19 39 82 99 65 57 98 56 81 83 100 31 71 32 72 1 20 25 49 45 64 61 95 16 99 99 52 3 56 71 4 75 71 66 9 15 33 71 46 55 79 31 81 69 97 78 6 91 54 44 80 74 43 95 31 44 89 10 73 36 82 37 8 59 85 54 54 41 29 55 51 71 85 86 90 65
10 86 93 16 17 40 7 18 19 66 69 46 22 76 98 16 38 13 56 60 4 54 98 8 72 66 73 33 11 68 83 10 61 53 35 3 51 86 20 55 71 58 98 8 25 91 39 34 18 25 21 81 54 36 62 16 67 19 70 61 69 79 67 22 87 25 86 43 8 21 5 13 28 37 89 49 44 35 66 9 65 11 19 86 47 100 91 50 23 8 85 78 39 0 84 34 6 53 33 69
88 62 99 51 61 65 39 75 72 38 81 42 48 62 44 36 52 44 36 83 63 83 46 36 69 40 34 39 48 60 100 30 0 39 18 5 45 73 83 76 15 82 12 62 31 56 14 30 6 73 67 69 77 23 70 86 66 81 4 70 33 83 21 16 27 51 100 82 60 97 52 1 49 33 93 82 50 52 3 41 20 79 60 88 28 60 86 99 19 9 82 64 84 65 37 14 86 87 83 0
78 91 16 65 58 51 57 88 26 45 41 7 51 34 52 62 4 67 39 76 72 86 84 76 71 49 55 16 45 19 10 30 55 22 16 79 6 70 86 18 57 49 52 87 10 36 39 12 55 21 1 33 76 9 65 45 23 96 87 10 61 29 5 35 74 47 10 57 91 66 46 24 13 57 10 10 84 61 80 50 25 64 13 47 66 82 10 15 75 29 31 93 46 55 1 65 90 26 39 35
66 69 30 88 6 36 97 62 52 57 5 48 10 40 99 36 67 93 81 82 74 42 88 95 74 66 43 26 18 92 58 30 75 10 2 22 72 15 32 94 30 33 24 45 21 43 82 30 77 75 24 27 30 19 22 59 99 13 74 86 96 74 45 9 33 67 56 89 58 17 86 68 70 41 21 43 47 96 90 7 34 25 82 41 85 49 23 88 75 49 92 64 63 29 67 43 16 91 41 28
72 72 31 50 83 89 20 95 24 22 37 74 72 64 30 36 4 27 69 35 33 1 83 30 33 20 18 86 0 27 16 53 47 92 11 20 41 2 61 51 48 70 78 85 65 48 76 2 42 92 77 57 87 68 99 96 28 5 19 3 66 96 4 12 13 3 3 81 90 71 73 96 85 36 65 79 48 46 29 58 43 46 79 22 71 88 48 64 54 38 64 19 1 43 100 1 80 14 21 61
21 73 87 69 67 17 29 98 60 13 10 16 89 53 15 96 31 22 3 44 3 9 76 83 99 76 83 19 86 27 17 71 54 90 87 81 76 38 27 35 9 48 47 11 11 73 86 29 77 42 66 6 89 3 18 8 51 7 36 16 92 62 55 56 46 65 66 51 88 52 78 87 28 71 57 76 51 22 16 74 32 56 36 82 47 43 4 100 84 90 12 76 14 31 55 66 28 25 63 93
38 31 2 38 4 11 23 13 79 72 18 18 71 70 85 40 2 40 16 92 80 55 53 24 2 91 41 91 88 54 74 3 46 90 48 6 59 26 76 26 57 56 22 74 4 85 25 25 93 48 2 29 74 8 20 59 81 2 18 80 23 55 15 13 9 44 47 60 34 62 21 20 69 93 32 47 78 76 14 6 59 48 50 99 82 8 80 53 30 70 83 77 6 34 48 59 99 100 59 23
40 18 73 21 34 46 4 78 84 33 18 12 21 76 96 40 34 58 67 61 20 20 43 75 84 47 30 55 5 87 57 15 81 24 73 28 0 36 43 23 78 47 78 27 43 64 80 94 12 18 86 26 95 54 15 31 84 66 80 92 74 94 76 49 47 81 13 23 63 47 55 9 70 9 99 24 91 21 43 67 34 74 95 49 45 68 94 76 72 41 14 2 36 8 18 84 100 26 72 28
46 71 80 42 36 8 91 95 13 47 7 78 61 93 100 58 46 24 89 84 29 54 21 64 65 2 39 19 7 67 32 23 44 19 16 93 68 90 18 81 31 35 19 76 60 62 98 83 83 89 64 49 0 42 90 2 49 19 56 97 44 16 88 88 48 77 95 8 62 50 29 36 0 82 11 45 1 84 40 32 89 40 42 28 92 40 74 65 81 69 24 59 99 95 15 47 66 41 81 21
55 19 50 55 7 53 71 27 52 51 87 62 29 57 24 65 54 57 69 50 65 50 2 5 89 37 63 13 82 65 71 13 3 48 19 76 4 91 53 29 76 11 75 79 69 20 73 3 44 85 79 3 81 65 90 97 53 30 59 28 17 84 88 55 35 3 64 61 58 70 80 13 94 14 17 5 39 50 98 3 57 47 26 66 99 80 33 18 67 94 31 38 54 100 64 43 51 49 51 86
76 40 36 32 59 11 51 71 91 52 21 18 55 31 43 97 14 84 36 85 7 48 61 86 73 18 18 83 82 71 28 38 87 16 24 9 7 17 10 19 90 55 98 55 28 79 80 63 58 13 25 9 68 54 46 31 17 86 58 70 32 76 99 80 60 67 84 55 12 55 60 22 1 94 37 14 59 78 44 21 19 60 35 57 15 23 62 0 94 28 70 98 17 85 51 42 93 10 65 99
36 97 92 98 76 10 24 69 23 35 17 47 37 57 14 89 12 30 33 80 90 75 89 33 96 92 63 51 74 83 27 55 24 96 93 41 86 39 8 40 28 56 90 47 20 87 49 22 41 69 46 36 54 8 28 43 92 8 93 78 100 84 99 20 77 22 32 84 95 71 41 42 25 12 95 50 81 45 17 85 53 63 17 58 24 22 41 91 66 62 80 5 86 17 64 97 46 76 84 70
12 69 46 77 81 21 5 49 3 89 82 17 94 94 69 94 77 57 74 57 38 49 67 40 24 88 56 30 64 38 16 36 85 42 94 40 54 16 73 93 86 63 92 33 3 10 72 80 99 58 70 20 49 94 64 14 84 60 74 79 66 47 18 91 24 67 50 21 15 38 6 19 31 86 29 62 11 67 20 28 13 33 3 83 35 25 8 99 19 98 97 64 16 72 63 93 62 13 11 83
79 67 68 79 40 10 6 0 51 71 59 31 62 76 27 42 62 83 15 33 62 65 33 3 58 76 44 41 96 4 40 1 75 23 31 34 66 54 2 10 93 97 58 35 11 2 63 40 50 93 74 19 54 44 4 6 18 51 81 21 1 73 66 68 13 31 94 18 64 65 76 28 3 62 59 44 49 97 13 34 43 8 15 56 30 27 35 95 79 72 14 93 30 53 49 13 77 50 22 82
33 0 28 43 96 0 15 43 5 6 73 77 28 15 14 59 85 19 94 46 17 92 91 15 58 2 68 46 54 15 23 30 35 11 51 15 45 31 0 4 81 40 6 54 43 11 55 22 74 11 14 7 73 36 17 88 70 65 55 13 84 93 26 2 80 6 44 44 4 46 100 86 97 71 65 11 10 38 3 84 50 3 22 39 46 53 24 20 57 50 8 91 8 70 67 19 90 15 100 39
16 63 89 35 45 89 71 66 75 29 41 54 81 19 49 65 70 99 32 54 12 100 70 3 52 14 78 32 98 47 36 11 46 91 98 43 63 52 76 55 36 6 89 33 92 10 71 73 47 97 9 59 8 56 52 22 71 15 59 8 40 20 23 6 62 82 22 86 70 63 31 21 27 51 52 69 65 49 81 65 17 79 93 30 9 32 48 12 23 90 90 86 91 26 60 8 60 27 55 75
80 33 1 92 29 2 57 82 12 73 4 82 95 96 44 25 57 4 73 62 95 93 19 95 84 74 28 26 90 23 28 52 82 57 46 62 78 71 31 77 27 9 25 97 7 25 11 44 49 18 36 98 30 91 40 16 63 86 22 60 100 5 32 90 9 90 71 65 87 25 8 37 47 31 71 11 18 92 42 44 49 46 37 35 66 80 56 51 76 63 93 6 23 44 87 10 29 55 97 37
39 41 99 0 39 26 4 50 79 58 71 59 77 75 32 27 71 55 6 71 47 73 46 30 87 42 49 16 50 73 48 63 11 93 67 85 20 40 77 73 47 27 22 82 19 52 23 96 82 79 4 2 5 85 49 47 15 94 96 77 43 3 24 79 49 45 62 51 0 86 8 2 35 1 85 36 2 24 100 11 58 53 24 17 89 88 66 97 71 86 25 51 72 95 32 86 82 38 6 36
67 51 11 58 0 41 85 99 32 89 19 100 94 42 29 39 49 6 21 75 22 18 13 37 58 78 78 46 94 24 90 81 8 76 99 2 36 87 54 92 52 30 69 93 63 69 70 8 1 42 25 4 86 92 49 23 4 84 21 15 97 34 85 78 66 70 59 8 95 76 23 75 41 41 99 27 90 22 85 47 30 16 15 6 84 14 93 71 87 71 34 10 86 93 71 14 89 6 74 97
67 100 27 99 50 89 23 79 31 89 77 3 54 31 63 20 20 62 78 98 66 10 9 45 79 74 32 15 2 57 89 70 57 4 56 53 28 2 61 34 63 37 3 72 35 56 39 74 37 99 81 70 73 49 69 97 53 94 54 90 86 70 5 56 17 47 12 64 61 57 91 88 61 17 58 71 5 38 44 64 41 45 81 22 84 80 62 9 76 35 23 29 70 5 29 55 9 81 69 76
25 61 12 67 21 20 78 49 99 28 66 93 19 31 77 47 4 69 44 15 40 81 22 31 39 34 53 4 41 90 35 13 17 46 85 77 6 87 92 35 85 87 33 83 94 94 90 1 28 65 55 13 24 50 97 29 39 7 65 90 4 88 34 48 89 2 78 31 85 59 48 92 2 63 49 90 61 16 23 49 11 96 88 20 22 85 24 56 31 96 48 71 38 96 90 54 12 10 13 75
22 54 74 88 32 42 43 62 81 93 31 80 69 48 62 88 61 41 73 35 96 80 19 28 10 91 41 88 21 98 94 45 14 66 6 38 46 25 34 21 39 50 75 13 88 33 82 22 89 81 52 96 48 93 47 69 94 24 42 93 78 62 39 91 60 76 67 34 0 24 97 9 69 28 38 89 77 55 87 8 58 10 88 7 8 93 100 43 49 80 52 79 2 87 44 61 82 20 100 12
19 6 58 74 31 82 63 42 92 72 3 7 57 47 79 59 8 69 22 79 36 86 18 77 48 53 54 36 15 10 1 94 69 8 74 2 51 12 28 62 12 1 10 43 46 91 80 84 28 25 10 54 68 63 69 43 23 27 93 7 72 48 1 11 60 99 86 16 67 74 21 46 22 58 34 1 8 54 56 25 25 72 73 9 65 41 38 93 53 64 84 89 35 49 69 1 90 75 36 47
53 33 8 53 78 95 12 18 68 29 50 36 42 93 20 15 88 81 55 75 17 6 21 1 59 59 74 52 85 68 53 84 35 43 37 46 96 35 8 14 35 75 11 89 58 95 94 19 72 10 30 72 86 96 98 37 29 42 67 43 17 31 99 97 77 64 84 89 94 68 52 32 72 58 32 60 5 69 67 99 62 77 63 81 28 29 2 43 35 46 39 36 9 71 32 30 23 30 25 7
86 41 71 49 15 57 69 87 0 2 88 48 56 64 28 25 2 89 78 47 75 48 35 27 2 36 100 6 18 76 4 65 14 80 71 48 64 98 89 39 9 62 63 55 69 52 91 68 39 75 66 14 40 49 76 31 4 96 27 42 35 91 77 35 88 18 20 3 4 100 68 26 28 2 59 87 21 3 55 94 54 19 94 65 75 10 69 47 23 87 71 98 60 89 68 60 28 82 40 23
59 23 83 5 75 49 75 7 18 97 6 5 16 40 28 38 78 39 0 54 78 17 14 44 9 31 45 19 83 28 5 38 29 41 31 33 56 94 0 35 74 83 35 84 8 19 8 83 40 63 38 48 36 35 35 14 12 48 59 66 78 86 2 84 52 12 74 74 47 58 98 98 12 100 57 18 13 51 68 86 46 75 28 56 77 45 45 63 86 3 40 98 43 55 40 67 8 46 12 38
96 55 0 81 52 73 45 90 13 15 71 2 66 41 28 78 97 80 20 42 22 86 60 42 33 21 88 9 40 55 69 18 3 12 63 67 46 86 25 14 25 67 46 64 98 40 60 54 24 48 81 58 90 18 5 4 56 47 23 87 60 96 10 11 43 14 99 67 4 65 33 52 85 93 96 88 30 82 7 24 10 40 69 76 43 89 88 96 95 21 78 33 24 45 17 14 67 1 81 21
100 4 50 93 74 21 25 87 95 18 12 62 93 52 88 33 32 72 49 18 66 100 57 27 22 86 8 12 89 57 31 41 16 26 15 0 72 32 36 96 47 72 23 90 96 49 68 26 89 59 61 94 9 45 67 46 13 37 72 28 71 42 47 51 54 48 64 10 5 54 67 23 36 22 68 33 83 55 72 31 18 46 100 80 65 83 5 86 13 7 22 73 84 24 95 0 90 17 57 31
22 93 47 41 30 39 8 14 2 46 74 30 85 66 98 93 64 21 83 86 54 54 17 60 46 20 15 33 10 84 98 19 44 99 43 98 17 64 31 45 83 27 54 45 35 76 2 55 83 11 38 45 31 66 81 71 29 45 47 9 2 64 80 21 65 20 76 35 5 84 68 34 87 87 14 31 24 77 49 94 28 19 19 84 12 41 44 35 43 5 64 72 51 52 89 7 65 3 88 10
96 3 69 2 50 55 53 2 72 13 82 90 95 42 64 20 49 14 29 81 58 9 78 28 87 28 7 19 63 35 46 95 31 68 36 92 98 83 57 26 28 48 83 29 57 2 9 0 17 53 6 63 82 24 45 11 6 72 50 17 66 58 94 3 85 61 30 79 100 66 97 85 6 45 16 79 26 13 62 23 32 48 56 5 75 40 53 47 89 13 64 11 12 94 20 3 87 93 35 44
97 18 29 82 72 57 65 54 86 6 3 68 47 63 9 78 45 32 55 19 75 4 13 37 89 75 1 8 37 3 15 48 58 2 53 5 70 10 89 61 96 16 58 91 36 39 95 62 88 94 95 84 69 74 71 77 81 6 79 37 70 42 76 96 32 50 82 64 52 0 33 72 47 24 21 87 93 14 7 75 8 62 59 25 63 54 19 97 94 84 1 34 15 77 46 41 25 8 31 7
87 68 2 2 7 36 34 61 92 53 60 78 9 42 61 90 80 7 32 46 25 34 52 26 93 81 71 83 98 39 46 78 99 80 51 33 34 32 81 69 71 22 32 99 20 23 11 57 58 79 16 29 38 64 17 39 60 16 84 67 32 65 1 54 87 33 67 46 49 80 46 94 75 80 13 14 11 20 42 90 54 18 58 48 51 5 99 48 0 73 94 84 37 38 19 16 53 41 60 79
21 45 29 27 9 74 90 51 34 16 47 75 3 71 38 27 79 99 32 74 69 59 27 35 71 9 32 34 8 84 25 46 18 67 54 0 61 35 26 11 52 43 33 84 66 83 51 26 17 13 84 13 81 80 72 56 37 84 71 26 41 69 11 49 83 27 75 95 26 0 61 87 41 73 25 44 32 5 87 58 45 67 28 94 23 11 45 15 98 82 41 50 86 22 8 18 39 13 96 6
52 15 19 99 51 49 69 32 59 100 92 33 95 44 2 19 60 35 89 88 15 100 33 59 84 60 23 99 70 63 15 82 26 95 54 64 77 97 25 26 30 0 61 8 30 2 87 74 3 99 88 90 93 21 15 67 96 93 83 25 47 56 42 16 78 89 24 32 87 11 42 74 56 72 47 79 40 39 91 90 10 92 9 84 23 29 31 32 71 74 16 43 92 94 18 21 11 2 14 95
2 18 41 47 79 75 50 3 45 49 46 1 15 12 30 90 95 91 49 1 88 87 68 77 22 80 90 48 12 3 59 42 75 46 32 70 40 31 72 17 37 47 41 97 34 83 99 12 72 7 43 28 99 3 23 66 34 45 21 51 77 72 23 10 62 96 31 34 88 34 92 87 98 2 28 72 97 56 81 38 41 31 81 50 22 29 60 44 43 48 17 77 79 56 82 51 97 17 70 21
24 38 35 97 99 9 3 98 53 14 41 27 64 12 52 31 13 48 74 37 70 44 9 46 47 90 21 100 71 78 36 80 25 6 40 31 26 47 1 48 23 76 82 25 11 91 98 88 52 76 27 50 70 23 3 53 17 46 7 99 83 61 37 2 59 100 85 35 70 100 62 9 72 20 99 51 91 46 45 11 20 63 96 30 54 3 40 73 37 20 54 62 58 84 16 64 97 30 34 6
78 94 21 100 56 67 77 0 67 19 22 10 84 61 16 25 68 71 96 18 75 19 7 93 13 27 43 13 42 91 81 82 50 29 73 90 82 1 0 96 100 79 94 37 90 24 33 16 1 93 55 5 35 59 59 33 10 16 27 22 10 89 40 79 17 66 23 73 88 58 73 14 99 87 90 68 96 22 56 26 24 95 10 32 21 40 22 17 88 15 56 72 95 40 29 40 52 74 4 16
36 14 71 56 98 55 32 48 2 52 67 31 26 26 3 85 6 80 87 54 22 35 34 13 83 57 17 24 90 59 58 63 80 28 71 45 89 2 31 64 6 78 98 30 70 4 60 9 40 85 88 41 14 34 90 17 59 65 11 76 43 68 89 37 5 36 28 8 73 70 80 23 28 13 46 14 86 99 18 4 97 71 50 39 70 48 77 46 78 45 32 35 33 1 62 70 32 78 95 7
21 90 13 48 62 75 55 95 92 4 4 62 43 63 25 67 59 24 16 49 86 20 40 96 27 47 36 5 8 77 97 75 41 22 75 32 81 24 55 92 77 55 95 91 66 99 69 49 18 49 18 92 11 93 95 33 67 42 5 96 35 16 43 14 1 93 11 46 65 14 56 48 15 97 93 20 46 59 71 3 27 1 56 67 59 78 25 11 81 52 23 60 97 78 70 26 28 43 70 52
48 63 9 77 44 21 2 4 79 9 42 21 68 86 12 74 87 87 41 92 18 56 30 54 72 19 97 63 25 95 44 15 39 26 89 74 50 27 51 33 36 13 86 76 2 68 63 88 81 3 40 44 78 66 1 5 16 58 59 93 47 25 36 98 27 100 45 59 9 25 76 81 86 22 24 77 95 60 66 51 91 19 45 14 25 61 96 56 13 71 0 93 38 22 77 25 26 22 5 56
75 78 13 23 94 38 5 17 62 34 17 47 88 37 93 59 64 93 68 30 65 98 93 30 100 32 32 2 21 36 10 34 19 47 95 1 32 76 30 81 17 50 78 46 75 20 71 90 18 49 62 76 21 77 29 67 12 52 51 6 13 23 72 62 88 17 33 7 47 53 63 63 5 44 6 54 88 98 89 55 30 88 79 88 13 79 2 91 34 55 58 39 77 13 88 36 29 94 87 68
15 94 83 93 41 76 5 23 23 17 19 23 58 37 89 81 96 83 1 45 47 63 79 95 20 12 38 79 70 11 36 80 98 74 67 88 31 46 7 19 48 95 65 86 49 40 92 94 27 71 17 29 26 61 74 1 44 11 42 70 67 82 74 77 8 79 10 92 7 64 88 20 3 95 100 36 83 42 65 55 68 16 78 89 47 27 96 20 7 83 0 16 50 29 10 5 49 83 23 71
97 41 32 39 47 78 38 28 7 75 8 31 46 69 34 89 16 29 50 0 82 53 29 23 85 32 66 1 40 15 48 94 19 32 75 90 31 23 58 89 91 1 30 68 76 72 10 10 74 56 0 90 54 47 85 99 93 72 32 10 0 57 27 31 27 50 43 52 5 33 79 61 16 76 99 8 65 87 95 37 75 12 50 97 21 16 78 19 47 49 55 19 61 84 29 52 73 7 18 48
